3.15691E-10 2.03E-10 1.12691E-10
3.13839E-10 2.01E-10 1.12839E-10

3.09813E-10 1.97E-10 1.12813E-10
3.07867E-10 1.95E-10 1.12867E-10
3.05928E-10 1.93E-10 1.12928E-10
3.04105E-10 1.91E-10 1.13105E-10

3.00177E-10 1.87E-10 1.13177E-10
2.98287E-10 1.85E-10 1.13287E-10
2.96416E-10 1.83E-10 1.13416E-10
2.94653E-10 1.81E-10 1.13653E-10

2.90919E-10 1.77E-10 1.13919E-10
2.89142E-10 1.75E-10 1.14142E-10
2.87402E-10 1.73E-10 1.14402E-10
2.85798E-10 1.71E-10 1.14798E-10

2.82453E-10 1.67E-10 1.15453E-10
2.80919E-10 1.65E-10 1.15919E-10
2.79457E-10 1.63E-10 1.16457E-10
2.78176E-10 1.61E-10 1.17176E-10

2.75587E-10 1.57E-10 1.18587E-10
2.74481E-10 1.55E-10 1.19481E-10
2.73485E-10 1.53E-10 1.20485E-10
2.72699E-10 1.51E-10 1.21699E-10

2.71191E-10 1.47E-10 1.24191E-10
2.70688E-10 1.45E-10 1.25688E-10
2.70376E-10 1.43E-10 1.27376E-10
2.70315E-10 1.41E-10 1.29316E-10

2.70419E-10 1.37E-10 1.33419E-10
2.70814E-10 1.35E-10 1.35814E-10
2.71538E-10 1.33E-10 1.38537E-10
2.72681E-10 1.31E-10 1.41681E-10

2.76122E-10 1.27E-10 1.49122E-10
2.7875E-10 1.25E-10 1.5375E-10
2.82147E-10 1.23E-10 1.59147E-10
2.86626E-10 1.21E-10 1.65626E-10

3.00789E-10 1.17E-10 1.83789E-10
3.13348E-10 1.15E-10 1.98348E-10
3.36491E-10 1.13E-10 2.23491E-10
4.52368E-10 1.11E-10 3.41368E-10

1.07E-10
1.05E-10
1.03E-10
1.01E-10

9.7E-11
9.5E-11
9.3E-11
9.1E-11

8.7E-11
8.5E-11
