2.77252E-10 1.98E-10 7.92517E-11
2.75262E-10 1.96E-10 7.92618E-11
2.73273E-10 1.94E-10 7.92729E-11
2.71285E-10 1.92E-10 7.92852E-11
2.69299E-10 1.9E-10 7.92988E-11
2.67314E-10 1.88E-10 7.93138E-11
2.65331E-10 1.86E-10 7.93305E-11
2.63349E-10 1.84E-10 7.9349E-11
2.61369E-10 1.82E-10 7.93694E-11
2.59392E-10 1.8E-10 7.93921E-11
2.57417E-10 1.78E-10 7.94173E-11
2.55445E-10 1.76E-10 7.94452E-11
2.53475E-10 1.74E-10 7.94753E-11
2.51512E-10 1.72E-10 7.95123E-11
2.4955E-10 1.7E-10 7.95503E-11
2.47594E-10 1.68E-10 7.95943E-11
2.45643E-10 1.66E-10 7.96432E-11
2.437E-10 1.64E-10 7.96998E-11
2.41761E-10 1.62E-10 7.97613E-11
2.3983E-10 1.6E-10 7.983E-11
2.37907E-10 1.58E-10 7.99072E-11
2.35994E-10 1.56E-10 7.99945E-11
2.34094E-10 1.54E-10 8.00936E-11
2.32207E-10 1.52E-10 8.02067E-11
2.30338E-10 1.5E-10 8.03376E-11
2.2849E-10 1.48E-10 8.04902E-11
2.2667E-10 1.46E-10 8.06704E-11
2.24887E-10 1.44E-10 8.08868E-11
2.23151E-10 1.42E-10 8.11506E-11
2.21477E-10 1.4E-10 8.14771E-11
2.199E-10 1.38E-10 8.19004E-11
2.18436E-10 1.36E-10 8.24359E-11
2.17115E-10 1.34E-10 8.31146E-11
2.1599E-10 1.32E-10 8.39902E-11
2.15125E-10 1.3E-10 8.51253E-11
2.1456E-10 1.28E-10 8.65605E-11
2.14211E-10 1.26E-10 8.82113E-11
2.13996E-10 1.24E-10 8.99958E-11
2.13868E-10 1.22E-10 9.18679E-11
2.13798E-10 1.2E-10 9.37979E-11
2.13774E-10 1.18E-10 9.57741E-11
2.1381E-10 1.16E-10 9.78095E-11
2.1393E-10 1.14E-10 9.99296E-11
2.14163E-10 1.12E-10 1.02163E-10
2.14535E-10 1.1E-10 1.04535E-10
2.15073E-10 1.08E-10 1.07073E-10
2.15817E-10 1.06E-10 1.09817E-10
2.16816E-10 1.04E-10 1.12816E-10
2.18124E-10 1.02E-10 1.16124E-10
2.19811E-10 1E-10 1.19811E-10
2.21966E-10 9.8E-11 1.23966E-10
2.24682E-10 9.6E-11 1.28682E-10
2.2808E-10 9.4E-11 1.3408E-10
2.32385E-10 9.2E-11 1.40385E-10
2.37906E-10 9E-11 1.47906E-10
2.45228E-10 8.8E-11 1.57228E-10
2.55502E-10 8.6E-11 1.69502E-10
2.71662E-10 8.4E-11 1.87662E-10
3.06166E-10 8.2E-11 2.24166E-10
8E-11
