 0.00000000e+00 -4.08831665e-24  0.00000000e+00  1.54610869e-21  0.00000000e+00 -5.69840329e-21  0.00000000e+00 -2.84673858e-21  0.00000000e+00  2.91900000e-06  0.00000000e+00  0.00000000e+00  0.00000000e+00  0.00000000e+00  0.00000000e+00  0.00000000e+00 
 2.00000000e-02  1.92207947e-08  2.00000000e-02  2.67702176e-06  2.00000000e-02  5.61379591e-06  2.00000000e-02  7.12832565e-06  2.00000000e-02  2.93067600e-06  2.00000000e-02  2.59015936e-06  2.00000000e-02  4.67778261e-06  2.00000000e-02  5.95467838e-06 
 4.00000000e-02  2.98325454e-08  4.00000000e-02  5.10564996e-06  4.00000000e-02  1.10286606e-05  4.00000000e-02  1.41101918e-05  4.00000000e-02  2.94235200e-06  4.00000000e-02  5.02161408e-06  4.00000000e-02  9.25671029e-06  4.00000000e-02  1.18471089e-05 
 6.00000000e-02  3.54917910e-08  6.00000000e-02  7.28949103e-06  6.00000000e-02  1.62438575e-05  6.00000000e-02  2.09444919e-05  6.00000000e-02  2.95402800e-06  6.00000000e-02  7.29222912e-06  6.00000000e-02  1.37351625e-05  6.00000000e-02  1.76759858e-05 
 8.00000000e-02  3.91301034e-08  8.00000000e-02  9.23233795e-06  8.00000000e-02  2.12586907e-05  8.00000000e-02  2.76301427e-05  8.00000000e-02  2.96570400e-06  8.00000000e-02  9.39986944e-06  8.00000000e-02  1.81115186e-05  8.00000000e-02  2.34400030e-05 
 1.00000000e-01  4.20332888e-08  1.00000000e-01  1.09383135e-05  1.00000000e-01  2.60724594e-05  1.00000000e-01  3.41660693e-05  1.00000000e-01  2.97738000e-06  1.00000000e-01  1.13424000e-05  1.00000000e-01  2.23841581e-05  1.00000000e-01  2.91378548e-05 
 1.20000000e-01  4.46399566e-08  1.20000000e-01  1.24123140e-05  1.20000000e-01  3.06844115e-05  1.20000000e-01  4.05511998e-05  1.20000000e-01  2.98905600e-06  1.20000000e-01  1.31176858e-05  1.20000000e-01  2.65514603e-05  1.20000000e-01  3.47682351e-05 
 1.40000000e-01  4.71074615e-08  1.40000000e-01  1.36611969e-05  1.40000000e-01  3.50936721e-05  1.40000000e-01  4.67844535e-05  1.40000000e-01  3.00073200e-06  1.40000000e-01  1.47235917e-05  1.40000000e-01  3.06118048e-05  1.40000000e-01  4.03298381e-05 
 1.60000000e-01  4.95010355e-08  1.60000000e-01  1.46963492e-05  1.60000000e-01  3.92991383e-05  1.60000000e-01  5.28647253e-05  1.60000000e-01  3.01240800e-06  1.60000000e-01  1.61579827e-05  1.60000000e-01  3.45635709e-05  1.60000000e-01  4.58213579e-05 
 1.80000000e-01  5.18517385e-08  1.80000000e-01  1.55374440e-05  1.80000000e-01  4.32993283e-05  1.80000000e-01  5.87908636e-05  1.80000000e-01  3.02408400e-06  1.80000000e-01  1.74187238e-05  1.80000000e-01  3.84051381e-05  1.80000000e-01  5.12414886e-05 
 2.00000000e-01  5.41761106e-08  2.00000000e-01  1.62143648e-05  2.00000000e-01  4.70921640e-05  2.00000000e-01  6.45616406e-05  2.00000000e-01  3.03576000e-06  2.00000000e-01  1.85036800e-05  2.00000000e-01  4.21348858e-05  2.00000000e-01  5.65889243e-05 
 2.20000000e-01  5.64837614e-08  2.20000000e-01  1.67632697e-05  2.20000000e-01  5.06746707e-05  2.20000000e-01  7.01757109e-05  2.20000000e-01  3.04743600e-06  2.20000000e-01  1.94107162e-05  2.20000000e-01  4.57511934e-05  2.20000000e-01  6.18623591e-05 
 2.40000000e-01  5.87806652e-08  2.40000000e-01  1.72186889e-05  2.40000000e-01  5.40425865e-05  2.40000000e-01  7.56315548e-05  2.40000000e-01  3.05911200e-06  2.40000000e-01  1.97876088e-05  2.40000000e-01  4.92524403e-05  2.40000000e-01  6.70604871e-05 
 2.60000000e-01  6.10707385e-08  2.60000000e-01  1.76080712e-05  2.60000000e-01  5.71899187e-05  2.60000000e-01  8.09274004e-05  2.60000000e-01  3.07078800e-06  2.60000000e-01  1.98631340e-05  2.60000000e-01  5.26370061e-05  2.60000000e-01  7.21820024e-05 
 2.80000000e-01  6.33566598e-08  2.80000000e-01  1.79509651e-05  2.80000000e-01  6.01086054e-05  2.80000000e-01  8.60611154e-05  2.80000000e-01  3.08246400e-06  2.80000000e-01  1.99386593e-05  2.80000000e-01  5.59032700e-05  2.80000000e-01  7.72255991e-05 
 3.00000000e-01  6.56403237e-08  3.00000000e-01  1.82606378e-05  3.00000000e-01  6.27886751e-05  3.00000000e-01  9.10300605e-05  3.00000000e-01  3.09414000e-06  3.00000000e-01  2.00141845e-05  3.00000000e-01  5.90496116e-05  3.00000000e-01  8.21899713e-05 
 3.20000000e-01  6.79231082e-08  3.20000000e-01  1.85460134e-05  3.20000000e-01  6.52195944e-05  3.20000000e-01  9.58308876e-05  3.20000000e-01  3.10581600e-06  3.20000000e-01  2.00897097e-05  3.20000000e-01  6.20744102e-05  3.20000000e-01  8.70738131e-05 
 3.40000000e-01  7.02060382e-08  3.40000000e-01  1.88131653e-05  3.40000000e-01  6.73934929e-05  3.40000000e-01  1.00459272e-04  3.40000000e-01  3.11749200e-06  3.40000000e-01  2.01652349e-05  3.40000000e-01  6.49760453e-05  3.40000000e-01  9.18758186e-05 
 3.60000000e-01  7.24898905e-08  3.60000000e-01  1.90663130e-05  3.60000000e-01  6.93099541e-05  3.60000000e-01  1.04909562e-04  3.60000000e-01  3.12916800e-06  3.60000000e-01  2.02407602e-05  3.60000000e-01  6.77528963e-05  3.60000000e-01  9.65946819e-05 
 3.80000000e-01  7.47752632e-08  3.80000000e-01  1.93084582e-05  3.80000000e-01  7.09800980e-05  3.80000000e-01  1.09174353e-04  3.80000000e-01  3.14084400e-06  3.80000000e-01  2.03162854e-05  3.80000000e-01  7.04033427e-05  3.80000000e-01  1.01229097e-04 
 4.00000000e-01  7.70626225e-08  4.00000000e-01  1.95417872e-05  4.00000000e-01  7.24269160e-05  4.00000000e-01  1.13244018e-04  4.00000000e-01  3.15252000e-06  4.00000000e-01  2.03918106e-05  4.00000000e-01  7.29257639e-05  4.00000000e-01  1.05777758e-04 
 4.20000000e-01  7.93523363e-08  4.20000000e-01  1.97679277e-05  4.20000000e-01  7.36812276e-05  4.20000000e-01  1.17106317e-04  4.20000000e-01  3.16419600e-06  4.20000000e-01  2.04673358e-05  4.20000000e-01  7.37207360e-05  4.20000000e-01  1.10239360e-04 
 4.40000000e-01  8.16446968e-08  4.40000000e-01  1.99881168e-05  4.40000000e-01  7.47758916e-05  4.40000000e-01  1.20746338e-04  4.40000000e-01  3.17587200e-06  4.40000000e-01  2.05428611e-05  4.40000000e-01  7.39927682e-05  4.40000000e-01  1.14612595e-04 
 4.60000000e-01  8.39399382e-08  4.60000000e-01  2.02033118e-05  4.60000000e-01  7.57412904e-05  4.60000000e-01  1.24147192e-04  4.60000000e-01  3.18754800e-06  4.60000000e-01  2.06183863e-05  4.60000000e-01  7.42648004e-05  4.60000000e-01  1.18896159e-04 
 4.80000000e-01  8.62382494e-08  4.80000000e-01  2.04142657e-05  4.80000000e-01  7.66031571e-05  4.80000000e-01  1.27291952e-04  4.80000000e-01  3.19922400e-06  4.80000000e-01  2.06939115e-05  4.80000000e-01  7.45368327e-05  4.80000000e-01  1.23088746e-04 
 5.00000000e-01  8.85397829e-08  5.00000000e-01  2.06215801e-05  5.00000000e-01  7.73822115e-05  5.00000000e-01  1.30167022e-04  5.00000000e-01  3.21090000e-06  5.00000000e-01  2.07694367e-05  5.00000000e-01  7.48088649e-05  5.00000000e-01  1.27189049e-04 
 5.20000000e-01  9.08446626e-08  5.20000000e-01  2.08257415e-05  5.20000000e-01  7.80947093e-05  5.20000000e-01  1.32766237e-04  5.20000000e-01  3.22257600e-06  5.20000000e-01  2.08449620e-05  5.20000000e-01  7.50808971e-05  5.20000000e-01  1.29902176e-04 
 5.40000000e-01  9.31529892e-08  5.40000000e-01  2.10271484e-05  5.40000000e-01  7.87532736e-05  5.40000000e-01  1.35094025e-04  5.40000000e-01  3.23425200e-06  5.40000000e-01  2.09204872e-05  5.40000000e-01  7.53529294e-05  5.40000000e-01  1.30372836e-04 
 5.60000000e-01  9.54648447e-08  5.60000000e-01  2.12261304e-05  5.60000000e-01  7.93676983e-05  5.60000000e-01  1.37165920e-04  5.60000000e-01  3.24592800e-06  5.60000000e-01  2.09960124e-05  5.60000000e-01  7.56249616e-05  5.60000000e-01  1.30843496e-04 
 5.80000000e-01  9.77802953e-08  5.80000000e-01  2.14229633e-05  5.80000000e-01  7.99456189e-05  5.80000000e-01  1.39006098e-04  5.80000000e-01  3.25760400e-06  5.80000000e-01  2.10715376e-05  5.80000000e-01  7.58969938e-05  5.80000000e-01  1.31314156e-04 
 6.00000000e-01  1.00099395e-07  6.00000000e-01  2.16178795e-05  6.00000000e-01  8.04930346e-05  6.00000000e-01  1.40643285e-04  6.00000000e-01  3.26928000e-06  6.00000000e-01  2.11470629e-05  6.00000000e-01  7.61690261e-05  6.00000000e-01  1.31784816e-04 
 6.20000000e-01  1.02422186e-07  6.20000000e-01  2.18110764e-05  6.20000000e-01  8.10147033e-05  6.20000000e-01  1.42106828e-04  6.20000000e-01  3.28095600e-06  6.20000000e-01  2.12225881e-05  6.20000000e-01  7.64410583e-05  6.20000000e-01  1.32255476e-04 
 6.40000000e-01  1.04748704e-07  6.40000000e-01  2.20027233e-05  6.40000000e-01  8.15144356e-05  6.40000000e-01  1.43424007e-04  6.40000000e-01  3.29263200e-06  6.40000000e-01  2.12981133e-05  6.40000000e-01  7.67130906e-05  6.40000000e-01  1.32726136e-04 
 6.60000000e-01  1.07078976e-07  6.60000000e-01  2.21929659e-05  6.60000000e-01  8.19953145e-05  6.60000000e-01  1.44618711e-04  6.60000000e-01  3.30430800e-06  6.60000000e-01  2.13736385e-05  6.60000000e-01  7.69851228e-05  6.60000000e-01  1.33196796e-04 
 6.80000000e-01  1.09413022e-07  6.80000000e-01  2.23819307e-05  6.80000000e-01  8.24598584e-05  6.80000000e-01  1.45711103e-04  6.80000000e-01  3.31598400e-06  6.80000000e-01  2.14491638e-05  6.80000000e-01  7.72571550e-05  6.80000000e-01  1.33667457e-04 
 7.00000000e-01  1.11750859e-07  7.00000000e-01  2.25697280e-05  7.00000000e-01  8.29101437e-05  7.00000000e-01  1.46717847e-04  7.00000000e-01  3.32766000e-06  7.00000000e-01  2.15246890e-05  7.00000000e-01  7.75291873e-05  7.00000000e-01  1.34138117e-04 
 7.20000000e-01  1.14092497e-07  7.20000000e-01  2.27564546e-05  7.20000000e-01  8.33478977e-05  7.20000000e-01  1.47652570e-04  7.20000000e-01  3.33933600e-06  7.20000000e-01  2.16002142e-05  7.20000000e-01  7.78012195e-05  7.20000000e-01  1.34608777e-04 
 7.40000000e-01  1.16437946e-07  7.40000000e-01  2.29421957e-05  7.40000000e-01  8.37745690e-05  7.40000000e-01  1.48526374e-04  7.40000000e-01  3.35101200e-06  7.40000000e-01  2.16757394e-05  7.40000000e-01  7.80732517e-05  7.40000000e-01  1.35079437e-04 
 7.60000000e-01  1.18787208e-07  7.60000000e-01  2.31270266e-05  7.60000000e-01  8.41913820e-05  7.60000000e-01  1.49348306e-04  7.60000000e-01  3.36268800e-06  7.60000000e-01  2.17512647e-05  7.60000000e-01  7.83452840e-05  7.60000000e-01  1.35550097e-04 
 7.80000000e-01  1.21140286e-07  7.80000000e-01  2.33110146e-05  7.80000000e-01  8.45993792e-05  7.80000000e-01  1.50125765e-04  7.80000000e-01  3.37436400e-06  7.80000000e-01  2.18267899e-05  7.80000000e-01  7.86173162e-05  7.80000000e-01  1.36020757e-04 
 8.00000000e-01  1.23497180e-07  8.00000000e-01  2.34942194e-05  8.00000000e-01  8.49994539e-05  8.00000000e-01  1.50864833e-04  8.00000000e-01  3.38604000e-06  8.00000000e-01  2.19023151e-05  8.00000000e-01  7.88893484e-05  8.00000000e-01  1.36491417e-04 
 8.20000000e-01  1.25857888e-07  8.20000000e-01  2.36766947e-05  8.20000000e-01  8.53923768e-05  8.20000000e-01  1.51570538e-04  8.20000000e-01  3.39771600e-06  8.20000000e-01  2.19778403e-05  8.20000000e-01  7.91613807e-05  8.20000000e-01  1.36962077e-04 
 8.40000000e-01  1.28222405e-07  8.40000000e-01  2.38584885e-05  8.40000000e-01  8.57788164e-05  8.40000000e-01  1.52247063e-04  8.40000000e-01  3.40939200e-06  8.40000000e-01  2.20533656e-05  8.40000000e-01  7.94334129e-05  8.40000000e-01  1.37432737e-04 
 8.60000000e-01  1.30590726e-07  8.60000000e-01  2.40396444e-05  8.60000000e-01  8.61593557e-05  8.60000000e-01  1.52897913e-04  8.60000000e-01  3.42106800e-06  8.60000000e-01  2.21288908e-05  8.60000000e-01  7.97054451e-05  8.60000000e-01  1.37903397e-04 
 8.80000000e-01  1.32962846e-07  8.80000000e-01  2.42202016e-05  8.80000000e-01  8.65345061e-05  8.80000000e-01  1.53526041e-04  8.80000000e-01  3.43274400e-06  8.80000000e-01  2.22044160e-05  8.80000000e-01  7.99774774e-05  8.80000000e-01  1.38374057e-04 
 9.00000000e-01  1.35338756e-07  9.00000000e-01  2.44001957e-05  9.00000000e-01  8.69047180e-05  9.00000000e-01  1.54133954e-04  9.00000000e-01  3.44442000e-06  9.00000000e-01  2.22799412e-05  9.00000000e-01  8.02495096e-05  9.00000000e-01  1.38844717e-04 
 9.20000000e-01  1.37718448e-07  9.20000000e-01  2.45796592e-05  9.20000000e-01  8.72703899e-05  9.20000000e-01  1.54723792e-04  9.20000000e-01  3.45609600e-06  9.20000000e-01  2.23554664e-05  9.20000000e-01  8.05215419e-05  9.20000000e-01  1.39315377e-04 
 9.40000000e-01  1.40101915e-07  9.40000000e-01  2.47586214e-05  9.40000000e-01  8.76318760e-05  9.40000000e-01  1.55297394e-04  9.40000000e-01  3.46777200e-06  9.40000000e-01  2.24309917e-05  9.40000000e-01  8.07935741e-05  9.40000000e-01  1.39786037e-04 
 9.60000000e-01  1.42489146e-07  9.60000000e-01  2.49371096e-05  9.60000000e-01  8.79894921e-05  9.60000000e-01  1.55856346e-04  9.60000000e-01  3.47944800e-06  9.60000000e-01  2.25065169e-05  9.60000000e-01  8.10656063e-05  9.60000000e-01  1.40256697e-04 
 9.80000000e-01  1.44880132e-07  9.80000000e-01  2.51151482e-05  9.80000000e-01  8.83435213e-05  9.80000000e-01  1.56402027e-04  9.80000000e-01  3.49112400e-06  9.80000000e-01  2.25820421e-05  9.80000000e-01  8.13376386e-05  9.80000000e-01  1.40727357e-04 
 1.00000000e+00  1.47274864e-07  1.00000000e+00  2.52927601e-05  1.00000000e+00  8.86942176e-05  1.00000000e+00  1.56935640e-04  1.00000000e+00  3.50280000e-06  1.00000000e+00  2.26575673e-05  1.00000000e+00  8.16096708e-05  1.00000000e+00  1.41198017e-04 
 1.02000000e+00  1.49673333e-07  1.02000000e+00  2.54699662e-05  1.02000000e+00  8.90418101e-05  1.02000000e+00  1.57458239e-04  1.02000000e+00  3.51447600e-06  1.02000000e+00  2.27330926e-05  1.02000000e+00  8.18817030e-05  1.02000000e+00  1.41668678e-04 
 1.04000000e+00  1.52075527e-07  1.04000000e+00  2.56467857e-05  1.04000000e+00  8.93865062e-05  1.04000000e+00  1.57970755e-04  1.04000000e+00  3.52615200e-06  1.04000000e+00  2.28086178e-05  1.04000000e+00  8.21537353e-05  1.04000000e+00  1.42139338e-04 
 1.06000000e+00  1.54481440e-07  1.06000000e+00  2.58232365e-05  1.06000000e+00  8.97284936e-05  1.06000000e+00  1.58474009e-04  1.06000000e+00  3.53782800e-06  1.06000000e+00  2.28841430e-05  1.06000000e+00  8.24257675e-05  1.06000000e+00  1.42609998e-04 
 1.08000000e+00  1.56891061e-07  1.08000000e+00  2.59993351e-05  1.08000000e+00  9.00679433e-05  1.08000000e+00  1.58968732e-04  1.08000000e+00  3.54950400e-06  1.08000000e+00  2.29596682e-05  1.08000000e+00  8.26977997e-05  1.08000000e+00  1.43080658e-04 
 1.10000000e+00  1.59304382e-07  1.10000000e+00  2.61750967e-05  1.10000000e+00  9.04050111e-05  1.10000000e+00  1.59455574e-04  1.10000000e+00  3.56118000e-06  1.10000000e+00  2.30351935e-05  1.10000000e+00  8.29698320e-05  1.10000000e+00  1.43551318e-04 
 1.12000000e+00  1.61721396e-07  1.12000000e+00  2.63505357e-05  1.12000000e+00  9.07398394e-05  1.12000000e+00  1.59935119e-04  1.12000000e+00  3.57285600e-06  1.12000000e+00  2.31107187e-05  1.12000000e+00  8.32418642e-05  1.12000000e+00  1.44021978e-04 
 1.14000000e+00  1.64142095e-07  1.14000000e+00  2.65256654e-05  1.14000000e+00  9.10725588e-05  1.14000000e+00  1.60407889e-04  1.14000000e+00  3.58453200e-06  1.14000000e+00  2.31862439e-05  1.14000000e+00  8.35138965e-05  1.14000000e+00  1.44492638e-04 
 1.16000000e+00  1.66566475e-07  1.16000000e+00  2.67004982e-05  1.16000000e+00  9.14032890e-05  1.16000000e+00  1.60874356e-04  1.16000000e+00  3.59620800e-06  1.16000000e+00  2.32617691e-05  1.16000000e+00  8.37859287e-05  1.16000000e+00  1.44963298e-04 
 1.18000000e+00  1.68994529e-07  1.18000000e+00  2.68750458e-05  1.18000000e+00  9.17321406e-05  1.18000000e+00  1.61334946e-04  1.18000000e+00  3.60788400e-06  1.18000000e+00  2.33372944e-05  1.18000000e+00  8.40579609e-05  1.18000000e+00  1.45433958e-04 
 1.20000000e+00  1.71426255e-07  1.20000000e+00  2.70493193e-05  1.20000000e+00  9.20592152e-05  1.20000000e+00  1.61790044e-04  1.20000000e+00  3.61956000e-06  1.20000000e+00  2.34128196e-05  1.20000000e+00  8.43299932e-05  1.20000000e+00  1.45904618e-04 
 1.22000000e+00  1.73861649e-07  1.22000000e+00  2.72233290e-05  1.22000000e+00  9.23846071e-05  1.22000000e+00  1.62240002e-04  1.22000000e+00  3.63123600e-06  1.22000000e+00  2.34883448e-05  1.22000000e+00  8.46020254e-05  1.22000000e+00  1.46375278e-04 
 1.24000000e+00  1.76300712e-07  1.24000000e+00  2.73970848e-05  1.24000000e+00  9.27084033e-05  1.24000000e+00  1.62685139e-04  1.24000000e+00  3.64291200e-06  1.24000000e+00  2.35638700e-05  1.24000000e+00  8.48740576e-05  1.24000000e+00  1.46845938e-04 
 1.26000000e+00  1.78743445e-07  1.26000000e+00  2.75705961e-05  1.26000000e+00  9.30306849e-05  1.26000000e+00  1.63125747e-04  1.26000000e+00  3.65458800e-06  1.26000000e+00  2.36393953e-05  1.26000000e+00  8.51460899e-05  1.26000000e+00  1.47316598e-04 
 1.28000000e+00  1.81189850e-07  1.28000000e+00  2.77438718e-05  1.28000000e+00  9.33515272e-05  1.28000000e+00  1.63562093e-04  1.28000000e+00  3.66626400e-06  1.28000000e+00  2.37149205e-05  1.28000000e+00  8.54181221e-05  1.28000000e+00  1.47787258e-04 
 1.30000000e+00  1.83639932e-07  1.30000000e+00  2.79169204e-05  1.30000000e+00  9.36710004e-05  1.30000000e+00  1.63994423e-04  1.30000000e+00  3.67794000e-06  1.30000000e+00  2.37904457e-05  1.30000000e+00  8.56901543e-05  1.30000000e+00  1.48257918e-04 
 1.32000000e+00  1.86093699e-07  1.32000000e+00  2.80897503e-05  1.32000000e+00  9.39891700e-05  1.32000000e+00  1.64422963e-04  1.32000000e+00  3.68961600e-06  1.32000000e+00  2.38659709e-05  1.32000000e+00  8.59621866e-05  1.32000000e+00  1.48728578e-04 
 1.34000000e+00  1.88551159e-07  1.34000000e+00  2.82623694e-05  1.34000000e+00  9.43060975e-05  1.34000000e+00  1.64847919e-04  1.34000000e+00  3.70129200e-06  1.34000000e+00  2.39414962e-05  1.34000000e+00  8.62342188e-05  1.34000000e+00  1.49199238e-04 
 1.36000000e+00  1.91012325e-07  1.36000000e+00  2.84347856e-05  1.36000000e+00  9.46218407e-05  1.36000000e+00  1.65269485e-04  1.36000000e+00  3.71296800e-06  1.36000000e+00  2.40170214e-05  1.36000000e+00  8.65062510e-05  1.36000000e+00  1.49669899e-04 
 1.38000000e+00  1.93477212e-07  1.38000000e+00  2.86070064e-05  1.38000000e+00  9.49364536e-05  1.38000000e+00  1.65687837e-04  1.38000000e+00  3.72464400e-06  1.38000000e+00  2.40925466e-05  1.38000000e+00  8.67782833e-05  1.38000000e+00  1.50140559e-04 
 1.40000000e+00  1.95945837e-07  1.40000000e+00  2.87790395e-05  1.40000000e+00  9.52499876e-05  1.40000000e+00  1.66103142e-04  1.40000000e+00  3.73632000e-06  1.40000000e+00  2.41680718e-05  1.40000000e+00  8.70503155e-05  1.40000000e+00  1.50611219e-04 
 1.42000000e+00  1.98418220e-07  1.42000000e+00  2.89508920e-05  1.42000000e+00  9.55624909e-05  1.42000000e+00  1.66515552e-04  1.42000000e+00  3.74799600e-06  1.42000000e+00  2.42435971e-05  1.42000000e+00  8.73223478e-05  1.42000000e+00  1.51081879e-04 
 1.44000000e+00  2.00894386e-07  1.44000000e+00  2.91225715e-05  1.44000000e+00  9.58740096e-05  1.44000000e+00  1.66925210e-04  1.44000000e+00  3.75967200e-06  1.44000000e+00  2.43191223e-05  1.44000000e+00  8.75943800e-05  1.44000000e+00  1.51552539e-04 
 1.46000000e+00  2.03374361e-07  1.46000000e+00  2.92940852e-05  1.46000000e+00  9.61845873e-05  1.46000000e+00  1.67332249e-04  1.46000000e+00  3.77134800e-06  1.46000000e+00  2.43946475e-05  1.46000000e+00  8.78664122e-05  1.46000000e+00  1.52023199e-04 
 1.48000000e+00  2.05858177e-07  1.48000000e+00  2.94654405e-05  1.48000000e+00  9.64942657e-05  1.48000000e+00  1.67736793e-04  1.48000000e+00  3.78302400e-06  1.48000000e+00  2.44701727e-05  1.48000000e+00  8.81384445e-05  1.48000000e+00  1.52493859e-04 
 1.50000000e+00  2.08345867e-07  1.50000000e+00  2.96366447e-05  1.50000000e+00  9.68030847e-05  1.50000000e+00  1.68138960e-04  1.50000000e+00  3.79470000e-06  1.50000000e+00  2.45456980e-05  1.50000000e+00  8.84104767e-05  1.50000000e+00  1.52964519e-04 
 1.52000000e+00  2.10837469e-07  1.52000000e+00  2.98077055e-05  1.52000000e+00  9.71110827e-05  1.52000000e+00  1.68538858e-04  1.52000000e+00  3.80637600e-06  1.52000000e+00  2.46212232e-05  1.52000000e+00  8.86825089e-05  1.52000000e+00  1.53435179e-04 
 1.54000000e+00  2.13333027e-07  1.54000000e+00  2.99786303e-05  1.54000000e+00  9.74182966e-05  1.54000000e+00  1.68936591e-04  1.54000000e+00  3.81805200e-06  1.54000000e+00  2.46967484e-05  1.54000000e+00  8.89545412e-05  1.54000000e+00  1.53905839e-04 
 1.56000000e+00  2.15832585e-07  1.56000000e+00  3.01494269e-05  1.56000000e+00  9.77247622e-05  1.56000000e+00  1.69332256e-04  1.56000000e+00  3.82972800e-06  1.56000000e+00  2.47722736e-05  1.56000000e+00  8.92265734e-05  1.56000000e+00  1.54376499e-04 
 1.58000000e+00  2.18336195e-07  1.58000000e+00  3.03201032e-05  1.58000000e+00  9.80305144e-05  1.58000000e+00  1.69725946e-04  1.58000000e+00  3.84140400e-06  1.58000000e+00  2.48477989e-05  1.58000000e+00  8.94986056e-05  1.58000000e+00  1.54847159e-04 
 1.60000000e+00  2.20843911e-07  1.60000000e+00  3.04906673e-05  1.60000000e+00  9.83355869e-05  1.60000000e+00  1.70117746e-04  1.60000000e+00  3.85308000e-06  1.60000000e+00  2.49233241e-05  1.60000000e+00  8.97706379e-05  1.60000000e+00  1.55317819e-04 
 1.62000000e+00  2.23355792e-07  1.62000000e+00  3.06611275e-05  1.62000000e+00  9.86400130e-05  1.62000000e+00  1.70507741e-04  1.62000000e+00  3.86475600e-06  1.62000000e+00  2.49988493e-05  1.62000000e+00  9.00426701e-05  1.62000000e+00  1.55788479e-04 
 1.64000000e+00  2.25871903e-07  1.64000000e+00  3.08314923e-05  1.64000000e+00  9.89438254e-05  1.64000000e+00  1.70896009e-04  1.64000000e+00  3.87643200e-06  1.64000000e+00  2.50743745e-05  1.64000000e+00  9.03147024e-05  1.64000000e+00  1.56259139e-04 
 1.66000000e+00  2.28392313e-07  1.66000000e+00  3.10017706e-05  1.66000000e+00  9.92470561e-05  1.66000000e+00  1.71282626e-04  1.66000000e+00  3.88810800e-06  1.66000000e+00  2.51498998e-05  1.66000000e+00  9.05867346e-05  1.66000000e+00  1.56729799e-04 
 1.68000000e+00  2.30917094e-07  1.68000000e+00  3.11719713e-05  1.68000000e+00  9.95497371e-05  1.68000000e+00  1.71667665e-04  1.68000000e+00  3.89978400e-06  1.68000000e+00  2.52254250e-05  1.68000000e+00  9.08587668e-05  1.68000000e+00  1.57200459e-04 
 1.70000000e+00  2.33446326e-07  1.70000000e+00  3.13421040e-05  1.70000000e+00  9.98518999e-05  1.70000000e+00  1.72051195e-04  1.70000000e+00  3.91146000e-06  1.70000000e+00  2.53009502e-05  1.70000000e+00  9.11307991e-05  1.70000000e+00  1.57671120e-04 
 1.72000000e+00  2.35980093e-07  1.72000000e+00  3.15121782e-05  1.72000000e+00  1.00153576e-04  1.72000000e+00  1.72433284e-04  1.72000000e+00  3.92313600e-06  1.72000000e+00  2.53764754e-05  1.72000000e+00  9.14028313e-05  1.72000000e+00  1.58141780e-04 
 1.74000000e+00  2.38518482e-07  1.74000000e+00  3.16822039e-05  1.74000000e+00  1.00454797e-04  1.74000000e+00  1.72813997e-04  1.74000000e+00  3.93481200e-06  1.74000000e+00  2.54520007e-05  1.74000000e+00  9.16748635e-05  1.74000000e+00  1.58612440e-04 
 1.76000000e+00  2.41061588e-07  1.76000000e+00  3.18521916e-05  1.76000000e+00  1.00755595e-04  1.76000000e+00  1.73193399e-04  1.76000000e+00  3.94648800e-06  1.76000000e+00  2.55275259e-05  1.76000000e+00  9.19468958e-05  1.76000000e+00  1.59083100e-04 
 1.78000000e+00  2.43609511e-07  1.78000000e+00  3.20221519e-05  1.78000000e+00  1.01056001e-04  1.78000000e+00  1.73571551e-04  1.78000000e+00  3.95816400e-06  1.78000000e+00  2.56030511e-05  1.78000000e+00  9.22189280e-05  1.78000000e+00  1.59553760e-04 
 1.80000000e+00  2.46162355e-07  1.80000000e+00  3.21920959e-05  1.80000000e+00  1.01356048e-04  1.80000000e+00  1.73948515e-04  1.80000000e+00  3.96984000e-06  1.80000000e+00  2.56785763e-05  1.80000000e+00  9.24909602e-05  1.80000000e+00  1.60024420e-04 
