 1.80000000e+00  0.00000000e+00  1.80000000e+00  0.00000000e+00 
 1.79000000e+00  6.35337919e-13  1.79000000e+00  0.00000000e+00 
 1.78000000e+00  1.63196583e-12  1.78000000e+00  0.00000000e+00 
 1.77000000e+00  2.73642480e-12  1.77000000e+00  0.00000000e+00 
 1.76000000e+00  4.05969464e-12  1.76000000e+00  0.00000000e+00 
 1.75000000e+00  5.64906477e-12  1.75000000e+00  0.00000000e+00 
 1.74000000e+00  7.58297548e-12  1.74000000e+00  0.00000000e+00 
 1.73000000e+00  9.96805589e-12  1.73000000e+00  0.00000000e+00 
 1.72000000e+00  1.29349489e-11  1.72000000e+00  0.00000000e+00 
 1.71000000e+00  1.66383159e-11  1.71000000e+00  0.00000000e+00 
 1.70000000e+00  2.12602919e-11  1.70000000e+00  0.00000000e+00 
 1.69000000e+00  2.70153908e-11  1.69000000e+00  0.00000000e+00 
 1.68000000e+00  3.41558212e-11  1.68000000e+00  0.00000000e+00 
 1.67000000e+00  4.29769057e-11  1.67000000e+00  0.00000000e+00 
 1.66000000e+00  5.38225872e-11  1.66000000e+00  0.00000000e+00 
 1.65000000e+00  6.70911055e-11  1.65000000e+00  0.00000000e+00 
 1.64000000e+00  8.32409714e-11  1.64000000e+00  0.00000000e+00 
 1.63000000e+00  1.02797439e-10  1.63000000e+00  0.00000000e+00 
 1.62000000e+00  1.26359716e-10  1.62000000e+00  0.00000000e+00 
 1.61000000e+00  1.54609231e-10  1.61000000e+00  0.00000000e+00 
 1.60000000e+00  1.88319350e-10  1.60000000e+00  0.00000000e+00 
 1.59000000e+00  2.28366941e-10  1.59000000e+00  0.00000000e+00 
 1.58000000e+00  2.75746242e-10  1.58000000e+00  0.00000000e+00 
 1.57000000e+00  3.31585524e-10  1.57000000e+00  0.00000000e+00 
 1.56000000e+00  3.97166978e-10  1.56000000e+00  0.00000000e+00 
 1.55000000e+00  4.73950374e-10  1.55000000e+00  0.00000000e+00 
 1.54000000e+00  5.63600962e-10  1.54000000e+00  0.00000000e+00 
 1.53000000e+00  6.68022195e-10  1.53000000e+00  0.00000000e+00 
 1.52000000e+00  7.89393914e-10  1.52000000e+00  0.00000000e+00 
 1.51000000e+00  9.30216724e-10  1.51000000e+00  0.00000000e+00 
 1.50000000e+00  1.09336345e-09  1.50000000e+00  0.00000000e+00 
 1.49000000e+00  1.28213875e-09  1.49000000e+00  0.00000000e+00 
 1.48000000e+00  1.50034812e-09  1.48000000e+00  0.00000000e+00 
 1.47000000e+00  1.75237793e-09  1.47000000e+00  0.00000000e+00 
 1.46000000e+00  2.04328827e-09  1.46000000e+00  0.00000000e+00 
 1.45000000e+00  2.37892090e-09  1.45000000e+00  0.00000000e+00 
 1.44000000e+00  2.76602494e-09  1.44000000e+00  0.00000000e+00 
 1.43000000e+00  3.21240361e-09  1.43000000e+00  0.00000000e+00 
 1.42000000e+00  3.72708572e-09  1.42000000e+00  0.00000000e+00 
 1.41000000e+00  4.32052662e-09  1.41000000e+00  0.00000000e+00 
 1.40000000e+00  5.00484409e-09  1.40000000e+00  0.00000000e+00 
 1.39000000e+00  5.79409560e-09  1.39000000e+00  0.00000000e+00 
 1.38000000e+00  6.70460491e-09  1.38000000e+00  0.00000000e+00 
 1.37000000e+00  7.75534714e-09  1.37000000e+00  0.00000000e+00 
 1.36000000e+00  8.96840343e-09  1.36000000e+00  0.00000000e+00 
 1.35000000e+00  1.03694980e-08  1.35000000e+00  0.00000000e+00 
 1.34000000e+00  1.19886328e-08  1.34000000e+00  0.00000000e+00 
 1.33000000e+00  1.38608374e-08  1.33000000e+00  0.00000000e+00 
 1.32000000e+00  1.60270541e-08  1.32000000e+00  0.00000000e+00 
 1.31000000e+00  1.85351806e-08  1.31000000e+00  0.00000000e+00 
 1.30000000e+00  2.14412954e-08  1.30000000e+00  0.00000000e+00 
 1.29000000e+00  2.48110919e-08  1.29000000e+00  0.00000000e+00 
 1.28000000e+00  2.87215493e-08  1.28000000e+00  0.00000000e+00 
 1.27000000e+00  3.32628638e-08  1.27000000e+00  0.00000000e+00 
 1.26000000e+00  3.85406646e-08  1.26000000e+00  0.00000000e+00 
 1.25000000e+00  4.46785266e-08  1.25000000e+00  0.00000000e+00 
 1.24000000e+00  5.18207829e-08  1.24000000e+00  0.00000000e+00 
 1.23000000e+00  6.01356192e-08  1.23000000e+00  0.00000000e+00 
 1.22000000e+00  6.98184085e-08  1.22000000e+00  0.00000000e+00 
 1.21000000e+00  8.10952094e-08  1.21000000e+00  0.00000000e+00 
 1.20000000e+00  9.42263117e-08  1.20000000e+00  0.00000000e+00 
 1.19000000e+00  1.09509669e-07  1.19000000e+00  0.00000000e+00 
 1.18000000e+00  1.27284005e-07  1.18000000e+00  0.00000000e+00 
 1.17000000e+00  1.47931350e-07  1.17000000e+00  0.00000000e+00 
 1.16000000e+00  1.71878705e-07  1.16000000e+00  0.00000000e+00 
 1.15000000e+00  1.99598561e-07  1.15000000e+00  0.00000000e+00 
 1.14000000e+00  2.31607970e-07  1.14000000e+00  0.00000000e+00 
 1.13000000e+00  2.68465953e-07  1.13000000e+00  0.00000000e+00 
 1.12000000e+00  3.10769108e-07  1.12000000e+00  0.00000000e+00 
 1.11000000e+00  3.59145386e-07  1.11000000e+00  0.00000000e+00 
 1.10000000e+00  4.14246190e-07  1.10000000e+00  3.61181938e-35 
 1.09000000e+00  4.76737049e-07  1.09000000e+00  1.16253339e-08 
 1.08000000e+00  5.47287311e-07  1.08000000e+00  4.61260800e-08 
 1.07000000e+00  6.26559347e-07  1.07000000e+00  1.02955750e-07 
 1.06000000e+00  7.15197860e-07  1.06000000e+00  1.81588874e-07 
 1.05000000e+00  8.13819829e-07  1.05000000e+00  2.81520000e-07 
 1.04000000e+00  9.23005609e-07  1.04000000e+00  4.02262750e-07 
 1.03000000e+00  1.04329155e-06  1.03000000e+00  5.43348929e-07 
 1.02000000e+00  1.17516436e-06  1.02000000e+00  7.04327680e-07 
 1.01000000e+00  1.31905742e-06  1.01000000e+00  8.84764694e-07 
 1.00000000e+00  1.47534880e-06  1.00000000e+00  1.08424145e-06 
 9.90000000e-01  1.64436106e-06  9.90000000e-01  1.30235453e-06 
 9.80000000e-01  1.82636247e-06  9.80000000e-01  1.53871488e-06 
 9.70000000e-01  2.02156936e-06  9.70000000e-01  1.79294726e-06 
 9.60000000e-01  2.23014944e-06  9.60000000e-01  2.06468958e-06 
 9.50000000e-01  2.45222560e-06  9.50000000e-01  2.35359235e-06 
 9.40000000e-01  2.68788018e-06  9.40000000e-01  2.65931811e-06 
 9.30000000e-01  2.93715925e-06  9.30000000e-01  2.98154097e-06 
 9.20000000e-01  3.20007697e-06  9.20000000e-01  3.31994607e-06 
 9.10000000e-01  3.47661963e-06  9.10000000e-01  3.67422912e-06 
 9.00000000e-01  3.76674956e-06  9.00000000e-01  4.04409600e-06 
 8.90000000e-01  4.07040863e-06  8.90000000e-01  4.42926230e-06 
 8.80000000e-01  4.38752142e-06  8.80000000e-01  4.82945293e-06 
 8.70000000e-01  4.71799805e-06  8.70000000e-01  5.24440175e-06 
 8.60000000e-01  5.06173662e-06  8.60000000e-01  5.67385121e-06 
 8.50000000e-01  5.41862535e-06  8.50000000e-01  6.11755200e-06 
 8.40000000e-01  5.78854435e-06  8.40000000e-01  6.57526272e-06 
 8.30000000e-01  6.17136723e-06  8.30000000e-01  7.04674958e-06 
 8.20000000e-01  6.56696231e-06  8.20000000e-01  7.53178608e-06 
 8.10000000e-01  6.97519371e-06  8.10000000e-01  8.03015277e-06 
 8.00000000e-01  7.39592225e-06  8.00000000e-01  8.54163692e-06 
 7.90000000e-01  7.82900612e-06  7.90000000e-01  9.06603233e-06 
 7.80000000e-01  8.27430150e-06  7.80000000e-01  9.60313903e-06 
 7.70000000e-01  8.73166297e-06  7.70000000e-01  1.01527630e-05 
 7.60000000e-01  9.20094394e-06  7.60000000e-01  1.07147162e-05 
 7.50000000e-01  9.68199689e-06  7.50000000e-01  1.12888160e-05 
 7.40000000e-01  1.01746736e-05  7.40000000e-01  1.18748851e-05 
 7.30000000e-01  1.06788253e-05  7.30000000e-01  1.24727516e-05 
 7.20000000e-01  1.11943029e-05  7.20000000e-01  1.30822482e-05 
 7.10000000e-01  1.17209570e-05  7.10000000e-01  1.37032129e-05 
 7.00000000e-01  1.22586379e-05  7.00000000e-01  1.43354880e-05 
 6.90000000e-01  1.28071957e-05  6.90000000e-01  1.49789203e-05 
 6.80000000e-01  1.33664805e-05  6.80000000e-01  1.56333611e-05 
 6.70000000e-01  1.39363423e-05  6.70000000e-01  1.62986655e-05 
 6.60000000e-01  1.45166308e-05  6.60000000e-01  1.69746931e-05 
 6.50000000e-01  1.51071958e-05  6.50000000e-01  1.76613070e-05 
 6.40000000e-01  1.57078870e-05  6.40000000e-01  1.83583743e-05 
 6.30000000e-01  1.63185541e-05  6.30000000e-01  1.90657654e-05 
 6.20000000e-01  1.69390467e-05  6.20000000e-01  1.97833545e-05 
 6.10000000e-01  1.75692142e-05  6.10000000e-01  2.05110192e-05 
 6.00000000e-01  1.82089064e-05  6.00000000e-01  2.12486400e-05 
 5.90000000e-01  1.88579726e-05  5.90000000e-01  2.19961010e-05 
 5.80000000e-01  1.95162626e-05  5.80000000e-01  2.27532890e-05 
 5.70000000e-01  2.01836258e-05  5.70000000e-01  2.35200941e-05 
 5.60000000e-01  2.08599119e-05  5.60000000e-01  2.42964089e-05 
 5.50000000e-01  2.15449707e-05  5.50000000e-01  2.50821290e-05 
 5.40000000e-01  2.22386520e-05  5.40000000e-01  2.58771527e-05 
 5.30000000e-01  2.29408056e-05  5.30000000e-01  2.66813807e-05 
 5.20000000e-01  2.36512818e-05  5.20000000e-01  2.74947163e-05 
 5.10000000e-01  2.43699308e-05  5.10000000e-01  2.83170654e-05 
 5.00000000e-01  2.50966030e-05  5.00000000e-01  2.91483360e-05 
 4.90000000e-01  2.58311493e-05  4.90000000e-01  2.99884385e-05 
 4.80000000e-01  2.65734206e-05  4.80000000e-01  3.08372855e-05 
 4.70000000e-01  2.73232684e-05  4.70000000e-01  3.16947919e-05 
 4.60000000e-01  2.80805442e-05  4.60000000e-01  3.25608743e-05 
 4.50000000e-01  2.88451003e-05  4.50000000e-01  3.34354516e-05 
 4.40000000e-01  2.96167890e-05  4.40000000e-01  3.43184448e-05 
 4.30000000e-01  3.03954634e-05  4.30000000e-01  3.52097763e-05 
 4.20000000e-01  3.11809769e-05  4.20000000e-01  3.61093709e-05 
 4.10000000e-01  3.19731834e-05  4.10000000e-01  3.70171548e-05 
 4.00000000e-01  3.27719377e-05  4.00000000e-01  3.79330560e-05 
 3.90000000e-01  3.35770947e-05  3.90000000e-01  3.88570044e-05 
 3.80000000e-01  3.43885103e-05  3.80000000e-01  3.97889312e-05 
 3.70000000e-01  3.52060410e-05  3.70000000e-01  4.07287695e-05 
 3.60000000e-01  3.60295439e-05  3.60000000e-01  4.16764538e-05 
 3.50000000e-01  3.68588768e-05  3.50000000e-01  4.26319200e-05 
 3.40000000e-01  3.76938984e-05  3.40000000e-01  4.35951056e-05 
 3.30000000e-01  3.85344683e-05  3.30000000e-01  4.45659495e-05 
 3.20000000e-01  3.93804466e-05  3.20000000e-01  4.55443920e-05 
 3.10000000e-01  4.02316945e-05  3.10000000e-01  4.65303745e-05 
 3.00000000e-01  4.10880739e-05  3.00000000e-01  4.75238400e-05 
 2.90000000e-01  4.19494479e-05  2.90000000e-01  4.85247326e-05 
 2.80000000e-01  4.28156803e-05  2.80000000e-01  4.95329977e-05 
 2.70000000e-01  4.36866358e-05  2.70000000e-01  5.05485818e-05 
 2.60000000e-01  4.45621804e-05  2.60000000e-01  5.15714327e-05 
 2.50000000e-01  4.54421808e-05  2.50000000e-01  5.26014992e-05 
 2.40000000e-01  4.63265048e-05  2.40000000e-01  5.36387313e-05 
 2.30000000e-01  4.72150214e-05  2.30000000e-01  5.46830800e-05 
 2.20000000e-01  4.81076005e-05  2.20000000e-01  5.57344973e-05 
 2.10000000e-01  4.90041132e-05  2.10000000e-01  5.67929363e-05 
 2.00000000e-01  4.99044316e-05  2.00000000e-01  5.78583512e-05 
 1.90000000e-01  5.08084290e-05  1.90000000e-01  5.89306968e-05 
 1.80000000e-01  5.17159798e-05  1.80000000e-01  6.00099293e-05 
 1.70000000e-01  5.26269596e-05  1.70000000e-01  6.10960054e-05 
 1.60000000e-01  5.35412452e-05  1.60000000e-01  6.21888830e-05 
 1.50000000e-01  5.44587145e-05  1.50000000e-01  6.32885206e-05 
 1.40000000e-01  5.53792466e-05  1.40000000e-01  6.43948778e-05 
 1.30000000e-01  5.63027218e-05  1.30000000e-01  6.55079148e-05 
 1.20000000e-01  5.72290216e-05  1.20000000e-01  6.66275928e-05 
 1.10000000e-01  5.81580289e-05  1.10000000e-01  6.77538737e-05 
 1.00000000e-01  5.90896277e-05  1.00000000e-01  6.88867200e-05 
 9.00000000e-02  6.00237031e-05  9.00000000e-02  7.00260952e-05 
 8.00000000e-02  6.09601416e-05  8.00000000e-02  7.11719634e-05 
 7.00000000e-02  6.18988311e-05  7.00000000e-02  7.23242894e-05 
 6.00000000e-02  6.28396604e-05  6.00000000e-02  7.34830387e-05 
 5.00000000e-02  6.37825199e-05  5.00000000e-02  7.46481776e-05 
 4.00000000e-02  6.47273010e-05  4.00000000e-02  7.58196728e-05 
 3.00000000e-02  6.56738966e-05  3.00000000e-02  7.69974918e-05 
 2.00000000e-02  6.66222008e-05  2.00000000e-02  7.81816028e-05 
 1.00000000e-02  6.75721089e-05  1.00000000e-02  7.93719744e-05 
-1.41900380e-15  6.85235175e-05 -1.41900380e-15  8.05685760e-05 
