 1.80000000e+00  3.46944695e-18  1.80000000e+00  1.25767452e-17  1.80000000e+00  1.99493200e-17  1.80000000e+00 -1.38777878e-17  1.80000000e+00  1.14240000e-06  1.80000000e+00  0.00000000e+00  1.80000000e+00  0.00000000e+00  1.80000000e+00  0.00000000e+00 
 1.78000000e+00  4.52559538e-08  1.78000000e+00  1.43679944e-06  1.78000000e+00  3.44970442e-06  1.78000000e+00  4.77683555e-06  1.78000000e+00  1.14696960e-06  1.78000000e+00  1.17395712e-06  1.78000000e+00  2.79320832e-06  1.78000000e+00  4.41245952e-06 
 1.76000000e+00  7.61396242e-08  1.76000000e+00  2.80156277e-06  1.76000000e+00  6.81317918e-06  1.76000000e+00  9.48573106e-06  1.76000000e+00  1.15153920e-06  1.76000000e+00  2.23221445e-06  1.76000000e+00  5.42109223e-06  1.76000000e+00  8.60997002e-06 
 1.74000000e+00  9.61021906e-08  1.74000000e+00  4.09508047e-06  1.74000000e+00  1.00909184e-05  1.74000000e+00  1.41264897e-05  1.74000000e+00  1.15610880e-06  1.74000000e+00  3.18038987e-06  1.74000000e+00  7.89207856e-06  1.74000000e+00  1.26037673e-05 
 1.72000000e+00  1.10433977e-07  1.72000000e+00  5.31824218e-06  1.72000000e+00  1.32834639e-05  1.72000000e+00  1.86986951e-05  1.72000000e+00  1.16067840e-06  1.72000000e+00  4.02368512e-06  1.72000000e+00  1.02139699e-05  1.72000000e+00  1.64042547e-05 
 1.70000000e+00  1.22845181e-07  1.70000000e+00  6.47202333e-06  1.70000000e+00  1.63912316e-05  1.70000000e+00  2.32022096e-05  1.70000000e+00  1.16524800e-06  1.70000000e+00  4.76692364e-06  1.70000000e+00  1.23940015e-05  1.70000000e+00  2.00210793e-05 
 1.68000000e+00  1.34994159e-07  1.68000000e+00  7.55701301e-06  1.68000000e+00  1.94145583e-05  1.68000000e+00  2.76367489e-05  1.68000000e+00  1.16981760e-06  1.68000000e+00  5.41458432e-06  1.68000000e+00  1.44388915e-05  1.68000000e+00  2.34631987e-05 
 1.66000000e+00  1.47538260e-07  1.66000000e+00  8.57419926e-06  1.66000000e+00  2.23540218e-05  1.66000000e+00  3.20018817e-05  1.66000000e+00  1.17438720e-06  1.66000000e+00  5.97083176e-06  1.66000000e+00  1.63548870e-05  1.66000000e+00  2.67389422e-05 
 1.64000000e+00  1.60766697e-07  1.64000000e+00  9.52449916e-06  1.64000000e+00  2.52097195e-05  1.64000000e+00  3.62975089e-05  1.64000000e+00  1.17895680e-06  1.64000000e+00  6.43954335e-06  1.64000000e+00  1.81478040e-05  1.64000000e+00  2.98560646e-05 
 1.62000000e+00  1.74810075e-07  1.62000000e+00  1.04085063e-05  1.62000000e+00  2.79820135e-05  1.62000000e+00  4.05229952e-05  1.62000000e+00  1.18352640e-06  1.62000000e+00  6.82433358e-06  1.62000000e+00  1.98230642e-05  1.62000000e+00  3.28217948e-05 
 1.60000000e+00  1.89731907e-07  1.60000000e+00  1.12278892e-05  1.60000000e+00  3.06709326e-05  1.60000000e+00  4.46778216e-05  1.60000000e+00  1.18809600e-06  1.60000000e+00  7.12857600e-06  1.60000000e+00  2.13857280e-05  1.60000000e+00  3.56428800e-05 
 1.58000000e+00  2.05546990e-07  1.58000000e+00  1.19839254e-05  1.58000000e+00  3.32766751e-05  1.58000000e+00  4.87618412e-05  1.58000000e+00  1.19266560e-06  1.58000000e+00  7.35542293e-06  1.58000000e+00  2.28405238e-05  1.58000000e+00  3.83256247e-05 
 1.56000000e+00  2.22260334e-07  1.56000000e+00  1.26792090e-05  1.56000000e+00  3.57988742e-05  1.56000000e+00  5.27741840e-05  1.56000000e+00  1.19723520e-06  1.56000000e+00  7.45969625e-06  1.56000000e+00  2.41918751e-05  1.56000000e+00  4.08759270e-05 
 1.54000000e+00  2.39856885e-07  1.54000000e+00  1.33171407e-05  1.54000000e+00  3.82373695e-05  1.54000000e+00  5.67142707e-05  1.54000000e+00  1.20180480e-06  1.54000000e+00  7.48816837e-06  1.54000000e+00  2.54439245e-05  1.54000000e+00  4.32993101e-05 
 1.52000000e+00  2.58289893e-07  1.52000000e+00  1.39021805e-05  1.52000000e+00  4.05918213e-05  1.52000000e+00  6.05811525e-05  1.52000000e+00  1.20637440e-06  1.52000000e+00  7.51664049e-06  1.52000000e+00  2.66005555e-05  1.52000000e+00  4.56009523e-05 
 1.50000000e+00  2.77532763e-07  1.50000000e+00  1.44405456e-05  1.50000000e+00  4.28618537e-05  1.50000000e+00  6.43742510e-05  1.50000000e+00  1.21094400e-06  1.50000000e+00  7.54511262e-06  1.50000000e+00  2.76654129e-05  1.50000000e+00  4.77857132e-05 
 1.48000000e+00  2.97584640e-07  1.48000000e+00  1.49391095e-05  1.48000000e+00  4.50472265e-05  1.48000000e+00  6.80926842e-05  1.48000000e+00  1.21551360e-06  1.48000000e+00  7.57358474e-06  1.48000000e+00  2.86419205e-05  1.48000000e+00  4.98581578e-05 
 1.46000000e+00  3.18350768e-07  1.46000000e+00  1.54049655e-05  1.46000000e+00  4.71471993e-05  1.46000000e+00  7.17354269e-05  1.46000000e+00  1.22008320e-06  1.46000000e+00  7.60205686e-06  1.46000000e+00  2.95332975e-05  1.46000000e+00  5.18225787e-05 
 1.44000000e+00  3.39856420e-07  1.44000000e+00  1.58441609e-05  1.44000000e+00  4.91617525e-05  1.44000000e+00  7.53016889e-05  1.44000000e+00  1.22465280e-06  1.44000000e+00  7.63052898e-06  1.44000000e+00  3.03425741e-05  1.44000000e+00  5.36830157e-05 
 1.42000000e+00  3.62048271e-07  1.42000000e+00  1.62622911e-05  1.42000000e+00  5.10903146e-05  1.42000000e+00  7.87905240e-05  1.42000000e+00  1.22922240e-06  1.42000000e+00  7.65900111e-06  1.42000000e+00  3.10726045e-05  1.42000000e+00  5.54432747e-05 
 1.40000000e+00  3.84933716e-07  1.40000000e+00  1.66635528e-05  1.40000000e+00  5.29338307e-05  1.40000000e+00  8.22013257e-05  1.40000000e+00  1.23379200e-06  1.40000000e+00  7.68747323e-06  1.40000000e+00  3.17260800e-05  1.40000000e+00  5.71069440e-05 
 1.38000000e+00  4.08509458e-07  1.38000000e+00  1.70513424e-05  1.38000000e+00  5.46913202e-05  1.38000000e+00  8.55328952e-05  1.38000000e+00  1.23836160e-06  1.38000000e+00  7.71594535e-06  1.38000000e+00  3.21245568e-05  1.38000000e+00  5.86774098e-05 
 1.36000000e+00  4.32767082e-07  1.36000000e+00  1.74274815e-05  1.36000000e+00  5.63640502e-05  1.36000000e+00  8.87851210e-05  1.36000000e+00  1.24293120e-06  1.36000000e+00  7.74441748e-06  1.36000000e+00  3.22430976e-05  1.36000000e+00  6.01578701e-05 
 1.34000000e+00  4.57737480e-07  1.34000000e+00  1.77944721e-05  1.34000000e+00  5.79525583e-05  1.34000000e+00  9.19572241e-05  1.34000000e+00  1.24750080e-06  1.34000000e+00  7.77288960e-06  1.34000000e+00  3.23616384e-05  1.34000000e+00  6.15513477e-05 
 1.32000000e+00  4.83402595e-07  1.32000000e+00  1.81532051e-05  1.32000000e+00  5.94579655e-05  1.32000000e+00  9.50485177e-05  1.32000000e+00  1.25207040e-06  1.32000000e+00  7.80136172e-06  1.32000000e+00  3.24801792e-05  1.32000000e+00  6.28607020e-05 
 1.30000000e+00  5.09800235e-07  1.30000000e+00  1.85048351e-05  1.30000000e+00  6.08816806e-05  1.30000000e+00  9.80590219e-05  1.30000000e+00  1.25664000e-06  1.30000000e+00  7.82983385e-06  1.30000000e+00  3.25987200e-05  1.30000000e+00  6.40886400e-05 
 1.28000000e+00  5.36944301e-07  1.28000000e+00  1.88503263e-05  1.28000000e+00  6.22259936e-05  1.28000000e+00  1.00988489e-04  1.28000000e+00  1.26120960e-06  1.28000000e+00  7.85830597e-06  1.28000000e+00  3.27172608e-05  1.28000000e+00  6.52377260e-05 
 1.26000000e+00  5.64848415e-07  1.26000000e+00  1.91904019e-05  1.26000000e+00  6.34935648e-05  1.26000000e+00  1.03836238e-04  1.26000000e+00  1.26577920e-06  1.26000000e+00  7.88677809e-06  1.26000000e+00  3.28358016e-05  1.26000000e+00  6.56396928e-05 
 1.24000000e+00  5.93530148e-07  1.24000000e+00  1.95255823e-05  1.24000000e+00  6.46875186e-05  1.24000000e+00  1.06602934e-04  1.24000000e+00  1.27034880e-06  1.24000000e+00  7.91525022e-06  1.24000000e+00  3.29543424e-05  1.24000000e+00  6.58766592e-05 
 1.22000000e+00  6.22991612e-07  1.22000000e+00  1.98565005e-05  1.22000000e+00  6.58123429e-05  1.22000000e+00  1.09288043e-04  1.22000000e+00  1.27491840e-06  1.22000000e+00  7.94372234e-06  1.22000000e+00  3.30728832e-05  1.22000000e+00  6.61136256e-05 
 1.20000000e+00  6.53281653e-07  1.20000000e+00  2.01833630e-05  1.20000000e+00  6.68726684e-05  1.20000000e+00  1.11891968e-04  1.20000000e+00  1.27948800e-06  1.20000000e+00  7.97219446e-06  1.20000000e+00  3.31914240e-05  1.20000000e+00  6.63505920e-05 
 1.18000000e+00  6.84425789e-07  1.18000000e+00  2.05067839e-05  1.18000000e+00  6.78741986e-05  1.18000000e+00  1.14414578e-04  1.18000000e+00  1.28405760e-06  1.18000000e+00  8.00066658e-06  1.18000000e+00  3.33099648e-05  1.18000000e+00  6.65875584e-05 
 1.16000000e+00  7.16449982e-07  1.16000000e+00  2.08270274e-05  1.16000000e+00  6.88228496e-05  1.16000000e+00  1.16856503e-04  1.16000000e+00  1.28862720e-06  1.16000000e+00  8.02913871e-06  1.16000000e+00  3.34285056e-05  1.16000000e+00  6.68245248e-05 
 1.14000000e+00  7.49360701e-07  1.14000000e+00  2.11444325e-05  1.14000000e+00  6.97248823e-05  1.14000000e+00  1.19217703e-04  1.14000000e+00  1.29319680e-06  1.14000000e+00  8.05761083e-06  1.14000000e+00  3.35470464e-05  1.14000000e+00  6.70614912e-05 
 1.12000000e+00  7.83228913e-07  1.12000000e+00  2.14590636e-05  1.12000000e+00  7.05857915e-05  1.12000000e+00  1.21498433e-04  1.12000000e+00  1.29776640e-06  1.12000000e+00  8.08608295e-06  1.12000000e+00  3.36655872e-05  1.12000000e+00  6.72984576e-05 
 1.10000000e+00  8.18049659e-07  1.10000000e+00  2.17714412e-05  1.10000000e+00  7.14111734e-05  1.10000000e+00  1.23699709e-04  1.10000000e+00  1.30233600e-06  1.10000000e+00  8.11455508e-06  1.10000000e+00  3.37841280e-05  1.10000000e+00  6.75354240e-05 
 1.08000000e+00  8.53907932e-07  1.08000000e+00  2.20814560e-05  1.08000000e+00  7.22054623e-05  1.08000000e+00  1.25821989e-04  1.08000000e+00  1.30690560e-06  1.08000000e+00  8.14302720e-06  1.08000000e+00  3.39026688e-05  1.08000000e+00  6.77723904e-05 
 1.06000000e+00  8.90854041e-07  1.06000000e+00  2.23896160e-05  1.06000000e+00  7.29728644e-05  1.06000000e+00  1.27865694e-04  1.06000000e+00  1.31147520e-06  1.06000000e+00  8.17149932e-06  1.06000000e+00  3.40212096e-05  1.06000000e+00  6.80093568e-05 
 1.04000000e+00  9.28960105e-07  1.04000000e+00  2.26958977e-05  1.04000000e+00  7.37167611e-05  1.04000000e+00  1.29832009e-04  1.04000000e+00  1.31604480e-06  1.04000000e+00  8.19997145e-06  1.04000000e+00  3.41397504e-05  1.04000000e+00  6.82463232e-05 
 1.02000000e+00  9.68273598e-07  1.02000000e+00  2.30007118e-05  1.02000000e+00  7.44400250e-05  1.02000000e+00  1.31721970e-04  1.02000000e+00  1.32061440e-06  1.02000000e+00  8.22844357e-06  1.02000000e+00  3.42582912e-05  1.02000000e+00  6.84832896e-05 
 1.00000000e+00  1.00890836e-06  1.00000000e+00  2.33039824e-05  1.00000000e+00  7.51448506e-05  1.00000000e+00  1.33537061e-04  1.00000000e+00  1.32518400e-06  1.00000000e+00  8.25691569e-06  1.00000000e+00  3.43768320e-05  1.00000000e+00  6.87202560e-05 
 9.80000000e-01  1.05097039e-06  9.80000000e-01  2.36061850e-05  9.80000000e-01  7.58335013e-05  9.80000000e-01  1.35279007e-04  9.80000000e-01  1.32975360e-06  9.80000000e-01  8.28538782e-06  9.80000000e-01  3.44953728e-05  9.80000000e-01  6.89572224e-05 
 9.60000000e-01  1.09456796e-06  9.60000000e-01  2.39074156e-05  9.60000000e-01  7.65075029e-05  9.60000000e-01  1.36949690e-04  9.60000000e-01  1.33432320e-06  9.60000000e-01  8.31385994e-06  9.60000000e-01  3.46139136e-05  9.60000000e-01  6.91941888e-05 
 9.40000000e-01  1.13985369e-06  9.40000000e-01  2.42082155e-05  9.40000000e-01  7.71682132e-05  9.40000000e-01  1.38551780e-04  9.40000000e-01  1.33889280e-06  9.40000000e-01  8.34233206e-06  9.40000000e-01  3.47324544e-05  9.40000000e-01  6.94311552e-05 
 9.20000000e-01  1.18696486e-06  9.20000000e-01  2.45089649e-05  9.20000000e-01  7.78169475e-05  9.20000000e-01  1.40088025e-04  9.20000000e-01  1.34346240e-06  9.20000000e-01  8.37080418e-06  9.20000000e-01  3.48509952e-05  9.20000000e-01  6.96681216e-05 
 9.00000000e-01  1.23607092e-06  9.00000000e-01  2.48103070e-05  9.00000000e-01  7.84547212e-05  9.00000000e-01  1.41561937e-04  9.00000000e-01  1.34803200e-06  9.00000000e-01  8.39927631e-06  9.00000000e-01  3.49695360e-05  9.00000000e-01  6.99050880e-05 
 8.80000000e-01  1.28736540e-06  8.80000000e-01  2.51129785e-05  8.80000000e-01  7.90823797e-05  8.80000000e-01  1.42977145e-04  8.80000000e-01  1.35260160e-06  8.80000000e-01  8.42774843e-06  8.80000000e-01  3.50880768e-05  8.80000000e-01  7.01420544e-05 
 8.60000000e-01  1.34106562e-06  8.60000000e-01  2.54179449e-05  8.60000000e-01  7.97007873e-05  8.60000000e-01  1.44337669e-04  8.60000000e-01  1.35717120e-06  8.60000000e-01  8.45622055e-06  8.60000000e-01  3.52066176e-05  8.60000000e-01  7.03790208e-05 
 8.40000000e-01  1.39732017e-06  8.40000000e-01  2.57264680e-05  8.40000000e-01  8.03107554e-05  8.40000000e-01  1.45647464e-04  8.40000000e-01  1.36174080e-06  8.40000000e-01  8.48469268e-06  8.40000000e-01  3.53251584e-05  8.40000000e-01  7.06159872e-05 
 8.20000000e-01  1.45638733e-06  8.20000000e-01  2.60397179e-05  8.20000000e-01  8.09128012e-05  8.20000000e-01  1.46910792e-04  8.20000000e-01  1.36631040e-06  8.20000000e-01  8.51316480e-06  8.20000000e-01  3.54436992e-05  8.20000000e-01  7.08529536e-05 
 8.00000000e-01  1.51845896e-06  8.00000000e-01  2.63592038e-05  8.00000000e-01  8.15074069e-05  8.00000000e-01  1.48131676e-04  8.00000000e-01  1.37088000e-06  8.00000000e-01  8.54163692e-06  8.00000000e-01  3.55622400e-05  8.00000000e-01  7.10899200e-05 
 7.80000000e-01  1.58369587e-06  7.80000000e-01  2.66865778e-05  7.80000000e-01  8.20952557e-05  7.80000000e-01  1.49313785e-04  7.80000000e-01  1.37544960e-06  7.80000000e-01  8.57010905e-06  7.80000000e-01  3.56807808e-05  7.80000000e-01  7.13268864e-05 
 7.60000000e-01  1.65231123e-06  7.60000000e-01  2.70231449e-05  7.60000000e-01  8.26766823e-05  7.60000000e-01  1.50460428e-04  7.60000000e-01  1.38001920e-06  7.60000000e-01  8.59858117e-06  7.60000000e-01  3.57993216e-05  7.60000000e-01  7.15638528e-05 
 7.40000000e-01  1.72445446e-06  7.40000000e-01  2.73704185e-05  7.40000000e-01  8.32522975e-05  7.40000000e-01  1.51575073e-04  7.40000000e-01  1.38458880e-06  7.40000000e-01  8.62705329e-06  7.40000000e-01  3.59178624e-05  7.40000000e-01  7.18008192e-05 
 7.20000000e-01  1.80022713e-06  7.20000000e-01  2.77293014e-05  7.20000000e-01  8.38225815e-05  7.20000000e-01  1.52660368e-04  7.20000000e-01  1.38915840e-06  7.20000000e-01  8.65552542e-06  7.20000000e-01  3.60364032e-05  7.20000000e-01  7.20377856e-05 
 7.00000000e-01  1.87973533e-06  7.00000000e-01  2.81003955e-05  7.00000000e-01  8.43880259e-05  7.00000000e-01  1.53718933e-04  7.00000000e-01  1.39372800e-06  7.00000000e-01  8.68399754e-06  7.00000000e-01  3.61549440e-05  7.00000000e-01  7.22747520e-05 
 6.80000000e-01  1.96301799e-06  6.80000000e-01  2.84838115e-05  6.80000000e-01  8.49495026e-05  6.80000000e-01  1.54753065e-04  6.80000000e-01  1.39829760e-06  6.80000000e-01  8.71246966e-06  6.80000000e-01  3.62734848e-05  6.80000000e-01  7.25117184e-05 
 6.60000000e-01  2.05009024e-06  6.60000000e-01  2.88790775e-05  6.60000000e-01  8.55079956e-05  6.60000000e-01  1.55764707e-04  6.60000000e-01  1.40286720e-06  6.60000000e-01  8.74094178e-06  6.60000000e-01  3.63920256e-05  6.60000000e-01  7.27486848e-05 
 6.40000000e-01  2.14094525e-06  6.40000000e-01  2.92854758e-05  6.40000000e-01  8.60644600e-05  6.40000000e-01  1.56755922e-04  6.40000000e-01  1.40743680e-06  6.40000000e-01  8.76941391e-06  6.40000000e-01  3.65105664e-05  6.40000000e-01  7.29856512e-05 
 6.20000000e-01  2.23552442e-06  6.20000000e-01  2.97017724e-05  6.20000000e-01  8.66208663e-05  6.20000000e-01  1.57727970e-04  6.20000000e-01  1.41200640e-06  6.20000000e-01  8.79788603e-06  6.20000000e-01  3.66291072e-05  6.20000000e-01  7.32226176e-05 
 6.00000000e-01  2.33375308e-06  6.00000000e-01  3.01265411e-05  6.00000000e-01  8.71790316e-05  6.00000000e-01  1.58682453e-04  6.00000000e-01  1.41657600e-06  6.00000000e-01  8.82635815e-06  6.00000000e-01  3.67476480e-05  6.00000000e-01  7.34595840e-05 
 5.80000000e-01  2.43551965e-06  5.80000000e-01  3.05583713e-05  5.80000000e-01  8.77416075e-05  5.80000000e-01  1.59620640e-04  5.80000000e-01  1.42114560e-06  5.80000000e-01  8.85483028e-06  5.80000000e-01  3.68661888e-05  5.80000000e-01  7.36965504e-05 
 5.60000000e-01  2.54072384e-06  5.60000000e-01  3.09957217e-05  5.60000000e-01  8.83114729e-05  5.60000000e-01  1.60543774e-04  5.60000000e-01  1.42571520e-06  5.60000000e-01  8.88330240e-06  5.60000000e-01  3.69847296e-05  5.60000000e-01  7.39335168e-05 
 5.40000000e-01  2.64923312e-06  5.40000000e-01  3.14372844e-05  5.40000000e-01  8.88921146e-05  5.40000000e-01  1.61452796e-04  5.40000000e-01  1.43028480e-06  5.40000000e-01  8.91177452e-06  5.40000000e-01  3.71032704e-05  5.40000000e-01  7.41704832e-05 
 5.20000000e-01  2.76091596e-06  5.20000000e-01  3.18817548e-05  5.20000000e-01  8.94869507e-05  5.20000000e-01  1.62348601e-04  5.20000000e-01  1.43485440e-06  5.20000000e-01  8.94024665e-06  5.20000000e-01  3.72218112e-05  5.20000000e-01  7.44074496e-05 
 5.00000000e-01  2.87563144e-06  5.00000000e-01  3.23280665e-05  5.00000000e-01  9.00990491e-05  5.00000000e-01  1.63232353e-04  5.00000000e-01  1.43942400e-06  5.00000000e-01  8.96871877e-06  5.00000000e-01  3.73403520e-05  5.00000000e-01  7.46444160e-05 
 4.80000000e-01  2.99324676e-06  4.80000000e-01  3.27752945e-05  4.80000000e-01  9.07308224e-05  4.80000000e-01  1.64104656e-04  4.80000000e-01  1.44399360e-06  4.80000000e-01  8.99719089e-06  4.80000000e-01  3.74588928e-05  4.80000000e-01  7.48813824e-05 
 4.60000000e-01  3.11362402e-06  4.60000000e-01  3.32226558e-05  4.60000000e-01  9.13835135e-05  4.60000000e-01  1.64966473e-04  4.60000000e-01  1.44856320e-06  4.60000000e-01  9.02566302e-06  4.60000000e-01  3.75774336e-05  4.60000000e-01  7.51183488e-05 
 4.40000000e-01  3.23663458e-06  4.40000000e-01  3.36695225e-05  4.40000000e-01  9.20572829e-05  4.40000000e-01  1.65818717e-04  4.40000000e-01  1.45313280e-06  4.40000000e-01  9.05413514e-06  4.40000000e-01  3.76959744e-05  4.40000000e-01  7.53553152e-05 
 4.20000000e-01  3.36215542e-06  4.20000000e-01  3.41153713e-05  4.20000000e-01  9.27508359e-05  4.20000000e-01  1.66662819e-04  4.20000000e-01  1.45770240e-06  4.20000000e-01  9.08260726e-06  4.20000000e-01  3.78145152e-05  4.20000000e-01  7.55922816e-05 
 4.00000000e-01  3.49006150e-06  4.00000000e-01  3.45598016e-05  4.00000000e-01  9.34618339e-05  4.00000000e-01  1.67500029e-04  4.00000000e-01  1.46227200e-06  4.00000000e-01  9.11107938e-06  4.00000000e-01  3.79330560e-05  4.00000000e-01  7.58292480e-05 
 3.80000000e-01  3.62024047e-06  3.80000000e-01  3.50024819e-05  3.80000000e-01  9.41872630e-05  3.80000000e-01  1.68332473e-04  3.80000000e-01  1.46684160e-06  3.80000000e-01  9.13955151e-06  3.80000000e-01  3.80515968e-05  3.80000000e-01  7.60662144e-05 
 3.60000000e-01  3.75258694e-06  3.60000000e-01  3.54431670e-05  3.60000000e-01  9.49238183e-05  3.60000000e-01  1.69162647e-04  3.60000000e-01  1.47141120e-06  3.60000000e-01  9.16802363e-06  3.60000000e-01  3.81701376e-05  3.60000000e-01  7.63031808e-05 
 3.40000000e-01  3.88699402e-06  3.40000000e-01  3.58816662e-05  3.40000000e-01  9.56681623e-05  3.40000000e-01  1.69993973e-04  3.40000000e-01  1.47598080e-06  3.40000000e-01  9.19649575e-06  3.40000000e-01  3.82886784e-05  3.40000000e-01  7.65401472e-05 
 3.20000000e-01  4.02336861e-06  3.20000000e-01  3.63178311e-05  3.20000000e-01  9.64172907e-05  3.20000000e-01  1.70830763e-04  3.20000000e-01  1.48055040e-06  3.20000000e-01  9.22496788e-06  3.20000000e-01  3.84072192e-05  3.20000000e-01  7.67771136e-05 
 3.00000000e-01  4.16162064e-06  3.00000000e-01  3.67515586e-05  3.00000000e-01  9.71685129e-05  3.00000000e-01  1.71678153e-04  3.00000000e-01  1.48512000e-06  3.00000000e-01  9.25344000e-06  3.00000000e-01  3.85257600e-05  3.00000000e-01  7.70140800e-05 
 2.80000000e-01  4.30166214e-06  2.80000000e-01  3.71827723e-05  2.80000000e-01  9.79196114e-05  2.80000000e-01  1.72541781e-04  2.80000000e-01  1.48968960e-06  2.80000000e-01  9.28191212e-06  2.80000000e-01  3.86443008e-05  2.80000000e-01  7.72510464e-05 
 2.60000000e-01  4.44341543e-06  2.60000000e-01  3.76114291e-05  2.60000000e-01  9.86688116e-05  2.60000000e-01  1.73427363e-04  2.60000000e-01  1.49425920e-06  2.60000000e-01  9.31038425e-06  2.60000000e-01  3.87628416e-05  2.60000000e-01  7.74880128e-05 
 2.40000000e-01  4.58680497e-06  2.40000000e-01  3.80374979e-05  2.40000000e-01  9.94146789e-05  2.40000000e-01  1.74340103e-04  2.40000000e-01  1.49882880e-06  2.40000000e-01  9.33885637e-06  2.40000000e-01  3.88813824e-05  2.40000000e-01  7.77249792e-05 
 2.20000000e-01  4.73175822e-06  2.20000000e-01  3.84609679e-05  2.20000000e-01  1.00156138e-04  2.20000000e-01  1.75283369e-04  2.20000000e-01  1.50339840e-06  2.20000000e-01  9.36732849e-06  2.20000000e-01  3.89999232e-05  2.20000000e-01  7.79619456e-05 
 2.00000000e-01  4.87820910e-06  2.00000000e-01  3.88818380e-05  2.00000000e-01  1.00892380e-04  2.00000000e-01  1.76258744e-04  2.00000000e-01  1.50796800e-06  2.00000000e-01  9.39580062e-06  2.00000000e-01  3.91184640e-05  2.00000000e-01  7.81989120e-05 
 1.80000000e-01  5.02609340e-06  1.80000000e-01  3.93001219e-05  1.80000000e-01  1.01622822e-04  1.80000000e-01  1.77265063e-04  1.80000000e-01  1.51253760e-06  1.80000000e-01  9.42427274e-06  1.80000000e-01  3.92370048e-05  1.80000000e-01  7.84358784e-05 
 1.60000000e-01  5.17535094e-06  1.60000000e-01  3.97158384e-05  1.60000000e-01  1.02347052e-04  1.60000000e-01  1.78299256e-04  1.60000000e-01  1.51710720e-06  1.60000000e-01  9.45274486e-06  1.60000000e-01  3.93555456e-05  1.60000000e-01  7.86728448e-05 
 1.40000000e-01  5.32592612e-06  1.40000000e-01  4.01290116e-05  1.40000000e-01  1.03064785e-04  1.40000000e-01  1.79356659e-04  1.40000000e-01  1.52167680e-06  1.40000000e-01  9.48121698e-06  1.40000000e-01  3.94740864e-05  1.40000000e-01  7.89098112e-05 
 1.20000000e-01  5.47776531e-06  1.20000000e-01  4.05396740e-05  1.20000000e-01  1.03775857e-04  1.20000000e-01  1.80431817e-04  1.20000000e-01  1.52624640e-06  1.20000000e-01  9.50968911e-06  1.20000000e-01  3.95926272e-05  1.20000000e-01  7.91467776e-05 
 1.00000000e-01  5.63081655e-06  1.00000000e-01  4.09478594e-05  1.00000000e-01  1.04480176e-04  1.00000000e-01  1.81519179e-04  1.00000000e-01  1.53081600e-06  1.00000000e-01  9.53816123e-06  1.00000000e-01  3.97111680e-05  1.00000000e-01  7.93837440e-05 
 8.00000000e-02  5.78503256e-06  8.00000000e-02  4.13536039e-05  8.00000000e-02  1.05177716e-04  8.00000000e-02  1.82613632e-04  8.00000000e-02  1.53538560e-06  8.00000000e-02  9.56663335e-06  8.00000000e-02  3.98297088e-05  8.00000000e-02  7.96207104e-05 
 6.00000000e-02  5.94036786e-06  6.00000000e-02  4.17569475e-05  6.00000000e-02  1.05868500e-04  6.00000000e-02  1.83710687e-04  6.00000000e-02  1.53995520e-06  6.00000000e-02  9.59510548e-06  6.00000000e-02  3.99482496e-05  6.00000000e-02  7.98576768e-05 
 4.00000000e-02  6.09677944e-06  4.00000000e-02  4.21579322e-05  4.00000000e-02  1.06552579e-04  4.00000000e-02  1.84806707e-04  4.00000000e-02  1.54452480e-06  4.00000000e-02  9.62357760e-06  4.00000000e-02  4.00667904e-05  4.00000000e-02  8.00946432e-05 
 2.00000000e-02  6.25422436e-06  2.00000000e-02  4.25565980e-05  2.00000000e-02  1.07230035e-04  2.00000000e-02  1.85898787e-04  2.00000000e-02  1.54909440e-06  2.00000000e-02  9.65204972e-06  2.00000000e-02  4.01853312e-05  2.00000000e-02  8.03316096e-05 
-1.28369537e-15  6.41266524e-06 -1.28369537e-15  4.29529884e-05 -1.28369537e-15  1.07900971e-04 -1.28369537e-15  1.86984732e-04 -1.28369537e-15  1.55366400e-06 -1.28369537e-15  9.68052185e-06 -1.28369537e-15  4.03038720e-05 -1.28369537e-15  8.05685760e-05 
